<render>{
    resolution    : 1000 x 1000;
    type          : Basic;
}
<player>{
    health        : 100;
    stamina       : 69;
    position      : (4, 8);
}
<env>{
    (1,wall)    : ./textures/hitler.xpm;
    (2, wall)    : #EDD382;
    (3, floor)    : #FF000F;
    (4, ceiling)  : #FF000F;
}

<map>{
    1 1 0 0 0 0 0 0 0 0 0 0 0 0 1 1 1 1 1 1 1
    1 1 0 0 0 0 0 0 0 0 0 0 0 0 1 1 1 1 1 1 1
    1 1 0 0 0 0 0 0 0 0 0 0 0 0 1 1 1 1 1 1 1
    1 1 0 0 0 0 0 0 0 0 0 0 0 0 1 1 1 1 1 1 1
    1 1 0 0 0 0 0 0 0 0 0 0 0 0 2 1 1 1 1 1 1
    1 1 0 0 0 0 0 0 0 0 0 0 0 0 2 1 1 1 1 1 1
    1 1 0 0 0 1 1 1 1 0 0 0 0 0 2 1 1 1 1 1 1
    1 1 0 0 0 1 0 0 1 0 0 0 0 0 2 1 1 1 1 1 1 
    1 1 0 0 0 1 0 0 1 0 0 0 0 0 2 2 2 2 0 2 1
    1 1 0 0 0 1 1 1 1 0 0 0 0 0 0 0 0 0 0 2 1
    1 1 0 0 0 0 0 0 0 0 0 0 0 0 2 2 2 2 0 2 1
    1 1 0 0 0 0 0 0 0 0 0 0 0 0 2 1 1 1 1 1 1
    1 1 0 0 0 0 0 0 0 0 0 0 0 0 2 1 1 1 1 1 1
    1 1 0 0 0 0 0 0 0 0 0 0 0 0 2 1 1 1 1 1 1
    1 1 0 0 0 0 0 0 0 0 0 0 0 0 1 1 1 1 1 1 1 
    1 1 0 0 0 0 0 0 0 0 0 0 0 0 1 1 1 1 1 1 1
    1 1 0 0 0 0 0 0 0 0 0 0 0 0 1 1 1 1 1 1 1
    0 0 0 0 0 0 0 0 0 0 0 0 0 0 0 0 0 0 0 0 0 
    0 0 0 0 0 0 0 0 0 0 0 0 0 0 0 0 0 0 0 0 0
    0 0 0 0 0 0 0 0 0 0 0 0 0 0 0 0 0 0 0 0 1
    0 0 0 0 0 0 0 0 0 0 0 0 0 0 0 0 0 0 0 0 0
    0 0 0 0 0 0 0 0 0 0 0 0 0 0 0 0 0 0 0 0 1
    0 0 0 0 0 0 0 0 0 0 0 0 0 0 0 0 0 0 0 0 1
    1 1 1 1 1 1 1 1 1 1 1 1 1 1 1 1 1 1 1 1 1
}