<matadata>:= {
    player:
        size: 32,
        health : 100,
        stamina : 69
    env: 
        (1, block) : path,
        (2, block) : path,
        
}

<map>:=
1 1 1 1 1 1 1 1 1 1 1 1 1 1
1 0 0 0 0 0 0 0 0 0 0 1 0 1
1 0 0 0 0 0 0 0 0 0 0 1 1 1
1 0 0 0 0 0 0 0 0 0 0 0 0 1
1 0 0 0 0 1 1 1 1 1 1 0 0 1
1 0 0 0 0 1 1 1 1 1 1 0 0 1
1 0 0 0 0 0 0 0 0 0 0 0 0 1
1 0 0 0 0 0 0 0 0 0 0 0 0 1
1 0 0 0 0 0 0 0 0 0 0 0 0 1
1 0 0 0 0 0 0 0 0 0 0 0 0 1
1 1 1 1 1 0 0 0 0 1 1 0 0 1
1 1 1 1 1 0 0 0 0 1 1 0 0 1
1 0 0 0 0 0 0 0 0 0 0 0 0 1
1 0 0 0 0 0 0 0 0 0 0 0 0 1
1 0 0 0 0 0 0 0 0 0 0 0 0 1
1 0 0 0 0 0 0 0 0 0 0 0 0 1
1 0 0 0 0 0 0 0 0 0 0 0 0 1
1 0 0 0 0 0 0 0 0 0 0 0 0 1
1 1 1 1 1 1 1 1 1 1 1 1 1 1
